2 0.821880 0.093587 0.146720 0.185093
1 0.413400 0.115387 0.269560 0.230773
3 0.155300 0.854133 0.115800 0.264000
3 0.288480 0.552613 0.092960 0.188853
3 0.524100 0.575267 0.099240 0.215067
2 0.041400 0.397520 0.082800 0.174560
2 0.153000 0.302867 0.190880 0.191387
2 0.326540 0.400680 0.197200 0.222960
2 0.385690 0.289200 0.160900 0.214560
2 0.350990 0.206107 0.116740 0.115680
2 0.851070 0.859213 0.296580 0.277627
2 0.870790 0.593133 0.257140 0.237680
2 0.932310 0.415400 0.130940 0.096773
2 0.594720 0.322840 0.165640 0.185093
2 0.592350 0.198747 0.126220 0.054667
2 0.576570 0.146173 0.110420 0.088347
2 0.615230 0.072027 0.105700 0.144053
2 0.911020 0.375440 0.176680 0.168267
2 0.883410 0.274467 0.159340 0.176667
2 0.847920 0.211373 0.126200 0.126213
2 0.951560 0.102533 0.096880 0.205067
3 0.266590 0.283933 0.052060 0.115707
